Gain = 6.068266E+13
SL = -2.190425