Gain = 2.221421E+13
SL = -22.538147