Gain = 1.901907E+13
SL = 159.120533