Gain = 4.718232E+13
SL = -7.530931