Gain = 2.410150E+13
SL = -112.111972