Gain = 1.960625E+13
SL = -69.452010