Gain = 2.054577E+13
SL = 127.665398