Gain = 2.757759E+13
SL = -128.587509