Gain = 3.932234E+13
SL = 34.775402