Gain = 2.594414E+13
SL = -185.654205