Gain = 2.044575E+13
SL = -7.737588