Gain = 2.090329E+13
SL = -17.824637