Gain = 1.923112E+13
SL = 111.093838