Gain = 2.347706E+13
SL = 140.881866