Gain = 4.488807E+13
SL = 465.057539