Gain = 4.845649E+13
SL = 359.788984