Gain = 2.369502E+13
SL = -97.225315