Gain = 3.996986E+13
SL = 330.675698